72
34
72
19
66
93
24
98
43
42
57
51
82
55
99
21
46
16
26
26
71
2
92
25
17
17
91
57
0
85
10
98
68
38
68
79
90
40
74
98
77
66
64
76
7
52
97
88
73
64
79
96
6
37
63
61
61
13
10
85
93
93
37
12
65
79
76
22
57
78
33
86
22
22
3
26
49
61
20
57
88
89
5
94
70
20
32
61
61
39
69
26
1
19
43
75
73
16
31
43
32
57
35
82
64
37
36
0
54
52
75
81
10
55
19
51
35
97
56
63
37
69
62
2
58
36
25
5
0
2
33
22
6
7
74
83
24
16
32
33
46
56
90
65
22
73
93
91
44
35
37
65
41
76
91
56
92
13
5
33
22
41
66
30
65
23
8
18
75
66
60
86
36
9
0
77
32
65
88
10
47
89
56
57
60
40
70
49
42
66
7
42
48
34
2
28
57
17
35
66
48
41
47
66
51
58
60
7
16
17
64
93
38
44
43
48
15
88
51
13
87
55
58
23
30
50
5
55
67
88
26
7
1
38
23
32
89
43
42
98
1
81
39
17
1
90
79
97
62
86
52
44
76
8
58
21
85
19
37
83
14
84
33
84
36
21
13
92
16
38
85
91
37
62
3
3
39
51
64
87
85
69
70
41
12
94
25
12
55
7
26
81
13
5
21
59
61
8
61
50
93
97
47
2
97
81
84
53
9
49
26
63
94
50
23
39
76
62
20
59
54
6
76
60
84
87
67
96
32
1
19
52
38
97
56
53
98
78
19
89
72
84
76
23
8
87
0
91
55
15
79
27
64
56
44
69
95
63
34
58
63
22
85
60
89
71
82
95
30
59
19
42
6
22
16
82
29
39
55
13
14
16
41
57
98
26
80
94
13
98
75
14
12
40
38
22
90
6
43
15
85
54
60
46
96
74
79
63
33
6
67
69
2
76
55
94
47
64
0
60
77
22
63
14
39
5
23
85
8
26
90
78
10
88
78
60
42
63
60
26
60
90
50
38
2
26
55
65
93
46
67
49
42
97
93
14
64
12
56
66
55
35
37
22
68
89
90
49
79
46
96
27
87
61
38
57
90
45
16
36
37
83
18
93
93
4
19
68
53
3
33
68
60
33
24
37
27
86
63
86
40
79
43
35
41
32
71
14
53
91
49
4
99
24
48
24
82
3
8
19
27
7
6
56
67
35
12
86
65
82
44
96
85
79
63
50
43
50
54
86
92
55
65
16
21
14
60
25
52
17
64
6
42
68
63
12
31
89
43
89
99
16
9
81
31
15
72
83
30
49
10
50
41
78
24
17
56
51
99
60
70
57
32
14
83
79
30
92
36
88
64
54
81
87
43
15
37
14
64
79
77
82
78
65
79
92
44
13
56
35
4
39
49
16
75
80
19
66
52
47
73
62
43
63
17
95
97
15
47
71
92
57
60
75
87
80
37
96
27
24
85
84
87
49
55
95
98
51
31
41
74
17
60
96
65
51
31
57
94
1
38
13
89
54
55
25
61
88
62
86
16
91
34
23
70
76
92
22
67
36
26
28
65
63
13
98
44
56
81
10
69
91
80
7
89
23
42
7
68
77
70
28
52
92
23
68
82
8
1
97
88
54
67
32
73
55
94
46
19
13
28
66
40
39
83
56
77
87
99
22
58
43
91
61
63
77
94
48
82
61
34
32
90
49
42
11
91
14
73
91
17
88
83
11
45
52
60
34
97
32
85
97
95
65
62
99
32
27
28
74
2
88
12
69
14
65
90
16
59
96
59
47
63
96
67
92
40
59
92
1
8
64
2
95
71
85
25
30
29
67
65
77
30
63
69
7
57
81
91
6
47
84
98
31
28
99
93
33
4
39
28
62
92
64
35
60
19
66
59
53
74
0
23
92
61
68
57
23
58
17
8
55
78
61
66
35
71
7
64
33
88
5
30
78
74
62
18
51
22
61
41
87
72
24
28
30
0
50
83
24
60
5
30
25
60
68
58
59
78
96
70
47
92
99
31
74
74
27
80
30
37
51
96
70
61
83
34
9
84
71
84
73
27
19
16
79
27
12
17
51
21
71
82
92
24
79
68
6
35
10
58
79
32
97
66
93
97
44
73
3
96
82
63
88
95
21
55
16
1
82
96
71
61
20
20
40
59
40
81
60
0
13
85
4
75
47
86
65
69
22
98
13
54
80
14
5
84
48
50
23
23
24
47
22
49
75
98
67
13
80
4
88
85
7
65
64
48
70
82
56
58
56
81
44
89
16
17
0
19
54
