Country|Population|Area
China|1,339,190,000|9,596,960.00
United States of America|309,975,000|9,629,091.00
Brazil|193,364,000|8,511,965.00
Japan|127,380,000|377,835.00
Canada|34,207,000|9,976,140.00
Indonesia|260,581,100|1,809,590.97
Nigeria|186,987,563|912,134.45
Mexico|128,632,004|1,969,230.76
Egypt|93,383,574|1,000,000.00
France|64,668,129|541,656.76
Italy|59,801,004|300,000.00
South Africa|54,978,907|1,222,222.22
South Korea|50,503,933|98,076.92
Colombia|48,654,392|1,090,909.09